B1pm1=100000
B1pp1=20000
B1ecm=11000
rhomax=1000
B2pm1=5000000
B2pp1=1000000
B2ecm=1100000
threads=2
%ggnfs_dir=c:\Users\admin99\Documents\Downloads_long_term_storage\ggnfs\
ggnfs_dir=c:/Users/admin99/Documents/Downloads_long_term_storage/ggnfs/
siever=14
tune_info=        Intel(R) Celeron(R) CPU G1620 @ 2.70GHz,WIN64,2.3622e-05,0.201793,0.857798,0.0982785,101.434,2725.95